------------
03-Mar-2025 09:24:38 
 /Volumes/Data/Elvis/km-dropplet-solidsubstrate-v3/matlab/1_code/sweeoer_experiments_oil
if system_dependent('IsDebugMode')==1, dbcont; end

vars = 

  <a href="matlab:helpPopup struct" style="font-weight:bold">struct</a> with fields:

                  rhoS: 0.960000000000000
                sigmaS: 20.500000000000000
                    nu: 0.200000000000000
                     g: 9.793825377951421e+02
    undisturbed_radius: 0.020300000000000
      initial_velocity: [30×1 double]
         harmonics_qtt: 90
               version: []

if system_dependent('IsDebugMode')==1, dbcont; end
simulations_cgs

simulations_cgs =

  0×8 empty <a href="matlab:helpPopup table" style="font-weight:bold">table</a>

new_simuls

new_simuls =

   1.0e+02 *

  Columns 1 through 5

   0.009600000000000   0.205000000000000   0.000200000000000   9.793825377951421   0.000203000000000
   0.009600000000000   0.205000000000000   0.000500000000000   9.793825377951421   0.000203000000000
   0.009600000000000   0.205000000000000   0.000200000000000   9.793825377951421   0.000203000000000
   0.009600000000000   0.205000000000000   0.000500000000000   9.793825377951421   0.000203000000000
   0.009600000000000   0.205000000000000   0.000500000000000   9.793825377951421   0.000203000000000
   0.009600000000000   0.205000000000000   0.000500000000000   9.793825377951421   0.000203000000000
   0.009600000000000   0.205000000000000   0.000500000000000   9.793825377951421   0.000203000000000
   0.009600000000000   0.205000000000000   0.000500000000000   9.793825377951421   0.000203000000000
   0.009600000000000   0.205000000000000   0.000200000000000   9.793825377951421   0.000203000000000
   0.009600000000000   0.205000000000000   0.000200000000000   9.793825377951421   0.000203000000000
   0.009600000000000   0.205000000000000   0.000200000000000   9.793825377951421   0.000203000000000
   0.009600000000000   0.205000000000000   0.000200000000000   9.793825377951421   0.000203000000000
   0.009600000000000   0.205000000000000   0.000500000000000   9.793825377951421   0.000203000000000
   0.009600000000000   0.205000000000000   0.000500000000000   9.793825377951421   0.000203000000000
   0.009600000000000   0.205000000000000   0.000500000000000   9.793825377951421   0.000203000000000
   0.009600000000000   0.205000000000000   0.000500000000000   9.793825377951421   0.000203000000000
   0.009600000000000   0.205000000000000   0.000200000000000   9.793825377951421   0.000203000000000
   0.009600000000000   0.205000000000000   0.000200000000000   9.793825377951421   0.000203000000000
   0.009600000000000   0.205000000000000   0.000200000000000   9.793825377951421   0.000203000000000
   0.009600000000000   0.205000000000000   0.000200000000000   9.793825377951421   0.000203000000000
   0.009600000000000   0.205000000000000   0.000500000000000   9.793825377951421   0.000203000000000
   0.009600000000000   0.205000000000000   0.000500000000000   9.793825377951421   0.000203000000000
   0.009600000000000   0.205000000000000   0.000500000000000   9.793825377951421   0.000203000000000
   0.009600000000000   0.205000000000000   0.000500000000000   9.793825377951421   0.000203000000000
   0.009600000000000   0.205000000000000   0.000200000000000   9.793825377951421   0.000203000000000
   0.009600000000000   0.205000000000000   0.000200000000000   9.793825377951421   0.000203000000000
   0.009600000000000   0.205000000000000   0.000200000000000   9.793825377951421   0.000203000000000
   0.009600000000000   0.205000000000000   0.000200000000000   9.793825377951421   0.000203000000000
   0.009600000000000   0.205000000000000   0.000500000000000   9.793825377951421   0.000203000000000
   0.009600000000000   0.205000000000000   0.000500000000000   9.793825377951421   0.000203000000000
   0.009600000000000   0.205000000000000   0.000500000000000   9.793825377951421   0.000203000000000
   0.009600000000000   0.205000000000000   0.000500000000000   9.793825377951421   0.000203000000000
   0.009600000000000   0.205000000000000   0.000200000000000   9.793825377951421   0.000203000000000
   0.009600000000000   0.205000000000000   0.000200000000000   9.793825377951421   0.000203000000000
   0.009600000000000   0.205000000000000   0.000200000000000   9.793825377951421   0.000203000000000
   0.009600000000000   0.205000000000000   0.000200000000000   9.793825377951421   0.000203000000000
   0.009600000000000   0.205000000000000   0.000500000000000   9.793825377951421   0.000203000000000
   0.009600000000000   0.205000000000000   0.000500000000000   9.793825377951421   0.000203000000000
   0.009600000000000   0.205000000000000   0.000500000000000   9.793825377951421   0.000203000000000
   0.009600000000000   0.205000000000000   0.000500000000000   9.793825377951421   0.000203000000000
   0.009600000000000   0.205000000000000   0.000200000000000   9.793825377951421   0.000203000000000
   0.009600000000000   0.205000000000000   0.000200000000000   9.793825377951421   0.000203000000000
   0.009600000000000   0.205000000000000   0.000200000000000   9.793825377951421   0.000203000000000
   0.009600000000000   0.205000000000000   0.000200000000000   9.793825377951421   0.000203000000000
   0.009600000000000   0.205000000000000   0.000200000000000   9.793825377951421   0.000203000000000
   0.009600000000000   0.205000000000000   0.000200000000000   9.793825377951421   0.000203000000000
   0.009600000000000   0.205000000000000   0.000500000000000   9.793825377951421   0.000203000000000
   0.009600000000000   0.205000000000000   0.000500000000000   9.793825377951421   0.000203000000000
   0.009600000000000   0.205000000000000   0.000500000000000   9.793825377951421   0.000203000000000
   0.009600000000000   0.205000000000000   0.000500000000000   9.793825377951421   0.000203000000000
   0.009600000000000   0.205000000000000   0.000200000000000   9.793825377951421   0.000203000000000
   0.009600000000000   0.205000000000000   0.000200000000000   9.793825377951421   0.000203000000000
   0.009600000000000   0.205000000000000   0.000200000000000   9.793825377951421   0.000203000000000
   0.009600000000000   0.205000000000000   0.000200000000000   9.793825377951421   0.000203000000000
   0.009600000000000   0.205000000000000   0.000500000000000   9.793825377951421   0.000203000000000
   0.009600000000000   0.205000000000000   0.000500000000000   9.793825377951421   0.000203000000000
   0.009600000000000   0.205000000000000   0.000500000000000   9.793825377951421   0.000203000000000
   0.009600000000000   0.205000000000000   0.000500000000000   9.793825377951421   0.000203000000000
   0.009600000000000   0.205000000000000   0.000200000000000   9.793825377951421   0.000203000000000
   0.009600000000000   0.205000000000000   0.000200000000000   9.793825377951421   0.000203000000000
   0.009600000000000   0.205000000000000   0.000200000000000   9.793825377951421   0.000203000000000
   0.009600000000000   0.205000000000000   0.000200000000000   9.793825377951421   0.000203000000000
   0.009600000000000   0.205000000000000   0.000500000000000   9.793825377951421   0.000203000000000
   0.009600000000000   0.205000000000000   0.000500000000000   9.793825377951421   0.000203000000000
   0.009600000000000   0.205000000000000   0.000500000000000   9.793825377951421   0.000203000000000
   0.009600000000000   0.205000000000000   0.000500000000000   9.793825377951421   0.000203000000000
   0.009600000000000   0.205000000000000   0.000500000000000   9.793825377951421   0.000203000000000
   0.009600000000000   0.205000000000000   0.000500000000000   9.793825377951421   0.000203000000000
   0.009600000000000   0.205000000000000   0.000200000000000   9.793825377951421   0.000203000000000
   0.009600000000000   0.205000000000000   0.000200000000000   9.793825377951421   0.000203000000000
   0.009600000000000   0.205000000000000   0.000200000000000   9.793825377951421   0.000203000000000
   0.009600000000000   0.205000000000000   0.000200000000000   9.793825377951421   0.000203000000000
   0.009600000000000   0.205000000000000   0.000200000000000   9.793825377951421   0.000203000000000
   0.009600000000000   0.205000000000000   0.000500000000000   9.793825377951421   0.000203000000000
   0.009600000000000   0.205000000000000   0.000200000000000   9.793825377951421   0.000203000000000
   0.009600000000000   0.205000000000000   0.000500000000000   9.793825377951421   0.000203000000000
   0.009600000000000   0.205000000000000   0.000200000000000   9.793825377951421   0.000203000000000
   0.009600000000000   0.205000000000000   0.000500000000000   9.793825377951421   0.000203000000000
   0.009600000000000   0.205000000000000   0.000200000000000   9.793825377951421   0.000203000000000
   0.009600000000000   0.205000000000000   0.000500000000000   9.793825377951421   0.000203000000000
   0.009600000000000   0.205000000000000   0.000500000000000   9.793825377951421   0.000203000000000
   0.009600000000000   0.205000000000000   0.000500000000000   9.793825377951421   0.000203000000000
   0.009600000000000   0.205000000000000   0.000500000000000   9.793825377951421   0.000203000000000
   0.009600000000000   0.205000000000000   0.000500000000000   9.793825377951421   0.000203000000000
   0.009600000000000   0.205000000000000   0.000500000000000   9.793825377951421   0.000203000000000
   0.009600000000000   0.205000000000000   0.000500000000000   9.793825377951421   0.000203000000000
   0.009600000000000   0.205000000000000   0.000500000000000   9.793825377951421   0.000203000000000
   0.009600000000000   0.205000000000000   0.000500000000000   9.793825377951421   0.000203000000000
   0.009600000000000   0.205000000000000   0.000500000000000   9.793825377951421   0.000203000000000
   0.009600000000000   0.205000000000000   0.000500000000000   9.793825377951421   0.000203000000000
   0.009600000000000   0.205000000000000   0.000500000000000   9.793825377951421   0.000203000000000
   0.009600000000000   0.205000000000000   0.000500000000000   9.793825377951421   0.000203000000000
   0.009600000000000   0.205000000000000   0.000500000000000   9.793825377951421   0.000203000000000
   0.009600000000000   0.205000000000000   0.000500000000000   9.793825377951421   0.000203000000000
   0.009600000000000   0.205000000000000   0.000500000000000   9.793825377951421   0.000203000000000
   0.009600000000000   0.205000000000000   0.000500000000000   9.793825377951421   0.000203000000000
   0.009600000000000   0.205000000000000   0.000500000000000   9.793825377951421   0.000203000000000
   0.009600000000000   0.205000000000000   0.000500000000000   9.793825377951421   0.000203000000000
   0.009600000000000   0.205000000000000   0.000500000000000   9.793825377951421   0.000203000000000
   0.009600000000000   0.205000000000000   0.000500000000000   9.793825377951421   0.000203000000000
   0.009600000000000   0.205000000000000   0.000200000000000   9.793825377951421   0.000203000000000
   0.009600000000000   0.205000000000000   0.000200000000000   9.793825377951421   0.000203000000000
   0.009600000000000   0.205000000000000   0.000200000000000   9.793825377951421   0.000203000000000
   0.009600000000000   0.205000000000000   0.000200000000000   9.793825377951421   0.000203000000000
   0.009600000000000   0.205000000000000   0.000200000000000   9.793825377951421   0.000203000000000
   0.009600000000000   0.205000000000000   0.000200000000000   9.793825377951421   0.000203000000000
   0.009600000000000   0.205000000000000   0.000200000000000   9.793825377951421   0.000203000000000
   0.009600000000000   0.205000000000000   0.000200000000000   9.793825377951421   0.000203000000000
   0.009600000000000   0.205000000000000   0.000200000000000   9.793825377951421   0.000203000000000
   0.009600000000000   0.205000000000000   0.000200000000000   9.793825377951421   0.000203000000000
   0.009600000000000   0.205000000000000   0.000200000000000   9.793825377951421   0.000203000000000
   0.009600000000000   0.205000000000000   0.000200000000000   9.793825377951421   0.000203000000000
   0.009600000000000   0.205000000000000   0.000200000000000   9.793825377951421   0.000203000000000
   0.009600000000000   0.205000000000000   0.000200000000000   9.793825377951421   0.000203000000000
   0.009600000000000   0.205000000000000   0.000200000000000   9.793825377951421   0.000203000000000
   0.009600000000000   0.205000000000000   0.000200000000000   9.793825377951421   0.000203000000000
   0.009600000000000   0.205000000000000   0.000200000000000   9.793825377951421   0.000203000000000
   0.009600000000000   0.205000000000000   0.000200000000000   9.793825377951421   0.000203000000000
   0.009600000000000   0.205000000000000   0.000200000000000   9.793825377951421   0.000203000000000
   0.009600000000000   0.205000000000000   0.000200000000000   9.793825377951421   0.000203000000000
   0.009600000000000   0.205000000000000   0.005000000000000   9.793825377951421   0.000203000000000
   0.009600000000000   0.205000000000000   0.005000000000000   9.793825377951421   0.000203000000000
   0.009600000000000   0.205000000000000   0.002000000000000   9.793825377951421   0.000203000000000
   0.009600000000000   0.205000000000000   0.002000000000000   9.793825377951421   0.000203000000000
   0.009600000000000   0.205000000000000   0.005000000000000   9.793825377951421   0.000203000000000
   0.009600000000000   0.205000000000000   0.005000000000000   9.793825377951421   0.000203000000000
   0.009600000000000   0.205000000000000   0.002000000000000   9.793825377951421   0.000203000000000
   0.009600000000000   0.205000000000000   0.002000000000000   9.793825377951421   0.000203000000000
   0.009600000000000   0.205000000000000   0.005000000000000   9.793825377951421   0.000203000000000
   0.009600000000000   0.205000000000000   0.005000000000000   9.793825377951421   0.000203000000000
   0.009600000000000   0.205000000000000   0.002000000000000   9.793825377951421   0.000203000000000
   0.009600000000000   0.205000000000000   0.002000000000000   9.793825377951421   0.000203000000000
   0.009600000000000   0.205000000000000   0.005000000000000   9.793825377951421   0.000203000000000
   0.009600000000000   0.205000000000000   0.005000000000000   9.793825377951421   0.000203000000000
   0.009600000000000   0.205000000000000   0.005000000000000   9.793825377951421   0.000203000000000
   0.009600000000000   0.205000000000000   0.005000000000000   9.793825377951421   0.000203000000000
   0.009600000000000   0.205000000000000   0.002000000000000   9.793825377951421   0.000203000000000
   0.009600000000000   0.205000000000000   0.002000000000000   9.793825377951421   0.000203000000000
   0.009600000000000   0.205000000000000   0.002000000000000   9.793825377951421   0.000203000000000
   0.009600000000000   0.205000000000000   0.002000000000000   9.793825377951421   0.000203000000000
   0.009600000000000   0.205000000000000   0.005000000000000   9.793825377951421   0.000203000000000
   0.009600000000000   0.205000000000000   0.005000000000000   9.793825377951421   0.000203000000000
   0.009600000000000   0.205000000000000   0.005000000000000   9.793825377951421   0.000203000000000
   0.009600000000000   0.205000000000000   0.005000000000000   9.793825377951421   0.000203000000000
   0.009600000000000   0.205000000000000   0.002000000000000   9.793825377951421   0.000203000000000
   0.009600000000000   0.205000000000000   0.002000000000000   9.793825377951421   0.000203000000000
   0.009600000000000   0.205000000000000   0.002000000000000   9.793825377951421   0.000203000000000
   0.009600000000000   0.205000000000000   0.005000000000000   9.793825377951421   0.000203000000000
   0.009600000000000   0.205000000000000   0.005000000000000   9.793825377951421   0.000203000000000
   0.009600000000000   0.205000000000000   0.005000000000000   9.793825377951421   0.000203000000000
   0.009600000000000   0.205000000000000   0.002000000000000   9.793825377951421   0.000203000000000
   0.009600000000000   0.205000000000000   0.002000000000000   9.793825377951421   0.000203000000000
   0.009600000000000   0.205000000000000   0.002000000000000   9.793825377951421   0.000203000000000
   0.009600000000000   0.205000000000000   0.005000000000000   9.793825377951421   0.000203000000000
   0.009600000000000   0.205000000000000   0.005000000000000   9.793825377951421   0.000203000000000
   0.009600000000000   0.205000000000000   0.005000000000000   9.793825377951421   0.000203000000000
   0.009600000000000   0.205000000000000   0.002000000000000   9.793825377951421   0.000203000000000
   0.009600000000000   0.205000000000000   0.002000000000000   9.793825377951421   0.000203000000000
   0.009600000000000   0.205000000000000   0.002000000000000   9.793825377951421   0.000203000000000
   0.009600000000000   0.205000000000000   0.002000000000000   9.793825377951421   0.000203000000000
   0.009600000000000   0.205000000000000   0.005000000000000   9.793825377951421   0.000203000000000
   0.009600000000000   0.205000000000000   0.005000000000000   9.793825377951421   0.000203000000000
   0.009600000000000   0.205000000000000   0.005000000000000   9.793825377951421   0.000203000000000
   0.009600000000000   0.205000000000000   0.005000000000000   9.793825377951421   0.000203000000000
   0.009600000000000   0.205000000000000   0.002000000000000   9.793825377951421   0.000203000000000
   0.009600000000000   0.205000000000000   0.002000000000000   9.793825377951421   0.000203000000000
   0.009600000000000   0.205000000000000   0.002000000000000   9.793825377951421   0.000203000000000
   0.009600000000000   0.205000000000000   0.005000000000000   9.793825377951421   0.000203000000000
   0.009600000000000   0.205000000000000   0.002000000000000   9.793825377951421   0.000203000000000
   0.009600000000000   0.205000000000000   0.005000000000000   9.793825377951421   0.000203000000000
   0.009600000000000   0.205000000000000   0.005000000000000   9.793825377951421   0.000203000000000
   0.009600000000000   0.205000000000000   0.002000000000000   9.793825377951421   0.000203000000000
   0.009600000000000   0.205000000000000   0.005000000000000   9.793825377951421   0.000203000000000
   0.009600000000000   0.205000000000000   0.005000000000000   9.793825377951421   0.000203000000000
   0.009600000000000   0.205000000000000   0.002000000000000   9.793825377951421   0.000203000000000
   0.009600000000000   0.205000000000000   0.002000000000000   9.793825377951421   0.000203000000000
   0.009600000000000   0.205000000000000   0.005000000000000   9.793825377951421   0.000203000000000
   0.009600000000000   0.205000000000000   0.002000000000000   9.793825377951421   0.000203000000000
   0.009600000000000   0.205000000000000   0.002000000000000   9.793825377951421   0.000203000000000
   0.009600000000000   0.205000000000000   0.005000000000000   9.793825377951421   0.000203000000000
   0.009600000000000   0.205000000000000   0.005000000000000   9.793825377951421   0.000203000000000
   0.009600000000000   0.205000000000000   0.002000000000000   9.793825377951421   0.000203000000000
   0.009600000000000   0.205000000000000   0.002000000000000   9.793825377951421   0.000203000000000
   0.009600000000000   0.205000000000000   0.002000000000000   9.793825377951421   0.000203000000000
   0.009600000000000   0.205000000000000   0.005000000000000   9.793825377951421   0.000203000000000
   0.009600000000000   0.205000000000000   0.005000000000000   9.793825377951421   0.000203000000000
   0.009600000000000   0.205000000000000   0.005000000000000   9.793825377951421   0.000203000000000
   0.009600000000000   0.205000000000000   0.002000000000000   9.793825377951421   0.000203000000000
   0.009600000000000   0.205000000000000   0.002000000000000   9.793825377951421   0.000203000000000
   0.009600000000000   0.205000000000000   0.002000000000000   9.793825377951421   0.000203000000000
   0.009600000000000   0.205000000000000   0.002000000000000   9.793825377951421   0.000203000000000
   0.009600000000000   0.205000000000000   0.002000000000000   9.793825377951421   0.000203000000000
   0.009600000000000   0.205000000000000   0.005000000000000   9.793825377951421   0.000203000000000
   0.009600000000000   0.205000000000000   0.002000000000000   9.793825377951421   0.000203000000000
   0.009600000000000   0.205000000000000   0.005000000000000   9.793825377951421   0.000203000000000
   0.009600000000000   0.205000000000000   0.005000000000000   9.793825377951421   0.000203000000000
   0.009600000000000   0.205000000000000   0.005000000000000   9.793825377951421   0.000203000000000
   0.009600000000000   0.205000000000000   0.002000000000000   9.793825377951421   0.000203000000000
   0.009600000000000   0.205000000000000   0.002000000000000   9.793825377951421   0.000203000000000
   0.009600000000000   0.205000000000000   0.005000000000000   9.793825377951421   0.000203000000000
   0.009600000000000   0.205000000000000   0.002000000000000   9.793825377951421   0.000203000000000
   0.009600000000000   0.205000000000000   0.005000000000000   9.793825377951421   0.000203000000000
   0.009600000000000   0.205000000000000   0.002000000000000   9.793825377951421   0.000203000000000
   0.009600000000000   0.205000000000000   0.005000000000000   9.793825377951421   0.000203000000000
   0.009600000000000   0.205000000000000   0.002000000000000   9.793825377951421   0.000203000000000
   0.009600000000000   0.205000000000000   0.002000000000000   9.793825377951421   0.000203000000000
   0.009600000000000   0.205000000000000   0.005000000000000   9.793825377951421   0.000203000000000
   0.009600000000000   0.205000000000000   0.005000000000000   9.793825377951421   0.000203000000000
   0.009600000000000   0.205000000000000   0.005000000000000   9.793825377951421   0.000203000000000
   0.009600000000000   0.205000000000000   0.005000000000000   9.793825377951421   0.000203000000000
   0.009600000000000   0.205000000000000   0.002000000000000   9.793825377951421   0.000203000000000
   0.009600000000000   0.205000000000000   0.002000000000000   9.793825377951421   0.000203000000000
   0.009600000000000   0.205000000000000   0.002000000000000   9.793825377951421   0.000203000000000
   0.009600000000000   0.205000000000000   0.002000000000000   9.793825377951421   0.000203000000000
   0.009600000000000   0.205000000000000   0.005000000000000   9.793825377951421   0.000203000000000
   0.009600000000000   0.205000000000000   0.005000000000000   9.793825377951421   0.000203000000000
   0.009600000000000   0.205000000000000   0.005000000000000   9.793825377951421   0.000203000000000
   0.009600000000000   0.205000000000000   0.005000000000000   9.793825377951421   0.000203000000000
   0.009600000000000   0.205000000000000   0.002000000000000   9.793825377951421   0.000203000000000
   0.009600000000000   0.205000000000000   0.002000000000000   9.793825377951421   0.000203000000000
   0.009600000000000   0.205000000000000   0.002000000000000   9.793825377951421   0.000203000000000
   0.009600000000000   0.205000000000000   0.002000000000000   9.793825377951421   0.000203000000000
   0.009600000000000   0.205000000000000   0.005000000000000   9.793825377951421   0.000203000000000
   0.009600000000000   0.205000000000000   0.005000000000000   9.793825377951421   0.000203000000000
   0.009600000000000   0.205000000000000   0.005000000000000   9.793825377951421   0.000203000000000
   0.009600000000000   0.205000000000000   0.005000000000000   9.793825377951421   0.000203000000000
   0.009600000000000   0.205000000000000   0.002000000000000   9.793825377951421   0.000203000000000
   0.009600000000000   0.205000000000000   0.002000000000000   9.793825377951421   0.000203000000000
   0.009600000000000   0.205000000000000   0.002000000000000   9.793825377951421   0.000203000000000
   0.009600000000000   0.205000000000000   0.002000000000000   9.793825377951421   0.000203000000000
   0.009600000000000   0.205000000000000   0.005000000000000   9.793825377951421   0.000203000000000
   0.009600000000000   0.205000000000000   0.005000000000000   9.793825377951421   0.000203000000000
   0.009600000000000   0.205000000000000   0.005000000000000   9.793825377951421   0.000203000000000
   0.009600000000000   0.205000000000000   0.005000000000000   9.793825377951421   0.000203000000000
   0.009600000000000   0.205000000000000   0.005000000000000   9.793825377951421   0.000203000000000
   0.009600000000000   0.205000000000000   0.005000000000000   9.793825377951421   0.000203000000000
   0.009600000000000   0.205000000000000   0.002000000000000   9.793825377951421   0.000203000000000
   0.009600000000000   0.205000000000000   0.002000000000000   9.793825377951421   0.000203000000000
   0.009600000000000   0.205000000000000   0.005000000000000   9.793825377951421   0.000203000000000
   0.009600000000000   0.205000000000000   0.005000000000000   9.793825377951421   0.000203000000000
   0.009600000000000   0.205000000000000   0.005000000000000   9.793825377951421   0.000203000000000
   0.009600000000000   0.205000000000000   0.005000000000000   9.793825377951421   0.000203000000000
   0.009600000000000   0.205000000000000   0.002000000000000   9.793825377951421   0.000203000000000
   0.009600000000000   0.205000000000000   0.002000000000000   9.793825377951421   0.000203000000000
   0.009600000000000   0.205000000000000   0.002000000000000   9.793825377951421   0.000203000000000
   0.009600000000000   0.205000000000000   0.002000000000000   9.793825377951421   0.000203000000000
   0.009600000000000   0.205000000000000   0.005000000000000   9.793825377951421   0.000203000000000
   0.009600000000000   0.205000000000000   0.005000000000000   9.793825377951421   0.000203000000000
   0.009600000000000   0.205000000000000   0.005000000000000   9.793825377951421   0.000203000000000
   0.009600000000000   0.205000000000000   0.005000000000000   9.793825377951421   0.000203000000000
   0.009600000000000   0.205000000000000   0.002000000000000   9.793825377951421   0.000203000000000
   0.009600000000000   0.205000000000000   0.002000000000000   9.793825377951421   0.000203000000000
   0.009600000000000   0.205000000000000   0.002000000000000   9.793825377951421   0.000203000000000
   0.009600000000000   0.205000000000000   0.002000000000000   9.793825377951421   0.000203000000000
   0.009600000000000   0.205000000000000   0.005000000000000   9.793825377951421   0.000203000000000
   0.009600000000000   0.205000000000000   0.005000000000000   9.793825377951421   0.000203000000000
   0.009600000000000   0.205000000000000   0.005000000000000   9.793825377951421   0.000203000000000
   0.009600000000000   0.205000000000000   0.002000000000000   9.793825377951421   0.000203000000000
   0.009600000000000   0.205000000000000   0.005000000000000   9.793825377951421   0.000203000000000
   0.009600000000000   0.205000000000000   0.002000000000000   9.793825377951421   0.000203000000000
   0.009600000000000   0.205000000000000   0.002000000000000   9.793825377951421   0.000203000000000
   0.009600000000000   0.205000000000000   0.002000000000000   9.793825377951421   0.000203000000000
   0.009600000000000   0.205000000000000   0.005000000000000   9.793825377951421   0.000203000000000
   0.009600000000000   0.205000000000000   0.005000000000000   9.793825377951421   0.000203000000000
   0.009600000000000   0.205000000000000   0.005000000000000   9.793825377951421   0.000203000000000
   0.009600000000000   0.205000000000000   0.002000000000000   9.793825377951421   0.000203000000000
   0.009600000000000   0.205000000000000   0.002000000000000   9.793825377951421   0.000203000000000
   0.009600000000000   0.205000000000000   0.005000000000000   9.793825377951421   0.000203000000000
   0.009600000000000   0.205000000000000   0.005000000000000   9.793825377951421   0.000203000000000
   0.009600000000000   0.205000000000000   0.005000000000000   9.793825377951421   0.000203000000000
   0.009600000000000   0.205000000000000   0.005000000000000   9.793825377951421   0.000203000000000
   0.009600000000000   0.205000000000000   0.005000000000000   9.793825377951421   0.000203000000000
   0.009600000000000   0.205000000000000   0.002000000000000   9.793825377951421   0.000203000000000
   0.009600000000000   0.205000000000000   0.002000000000000   9.793825377951421   0.000203000000000
   0.009600000000000   0.205000000000000   0.002000000000000   9.793825377951421   0.000203000000000
   0.009600000000000   0.205000000000000   0.002000000000000   9.793825377951421   0.000203000000000
   0.009600000000000   0.205000000000000   0.005000000000000   9.793825377951421   0.000203000000000
   0.009600000000000   0.205000000000000   0.005000000000000   9.793825377951421   0.000203000000000
   0.009600000000000   0.205000000000000   0.005000000000000   9.793825377951421   0.000203000000000
   0.009600000000000   0.205000000000000   0.005000000000000   9.793825377951421   0.000203000000000
   0.009600000000000   0.205000000000000   0.002000000000000   9.793825377951421   0.000203000000000
   0.009600000000000   0.205000000000000   0.002000000000000   9.793825377951421   0.000203000000000
   0.009600000000000   0.205000000000000   0.002000000000000   9.793825377951421   0.000203000000000
   0.009600000000000   0.205000000000000   0.002000000000000   9.793825377951421   0.000203000000000
   0.009600000000000   0.205000000000000   0.005000000000000   9.793825377951421   0.000203000000000
   0.009600000000000   0.205000000000000   0.005000000000000   9.793825377951421   0.000203000000000
   0.009600000000000   0.205000000000000   0.005000000000000   9.793825377951421   0.000203000000000
   0.009600000000000   0.205000000000000   0.005000000000000   9.793825377951421   0.000203000000000
   0.009600000000000   0.205000000000000   0.002000000000000   9.793825377951421   0.000203000000000
   0.009600000000000   0.205000000000000   0.002000000000000   9.793825377951421   0.000203000000000
   0.009600000000000   0.205000000000000   0.002000000000000   9.793825377951421   0.000203000000000
   0.009600000000000   0.205000000000000   0.002000000000000   9.793825377951421   0.000203000000000
   0.009600000000000   0.205000000000000   0.002000000000000   9.793825377951421   0.000203000000000
   0.009600000000000   0.205000000000000   0.005000000000000   9.793825377951421   0.000203000000000
   0.009600000000000   0.205000000000000   0.002000000000000   9.793825377951421   0.000203000000000
   0.009600000000000   0.205000000000000   0.005000000000000   9.793825377951421   0.000203000000000
   0.009600000000000   0.205000000000000   0.002000000000000   9.793825377951421   0.000203000000000
   0.009600000000000   0.205000000000000   0.002000000000000   9.793825377951421   0.000203000000000
   0.009600000000000   0.205000000000000   0.002000000000000   9.793825377951421   0.000203000000000
   0.009600000000000   0.205000000000000   0.002000000000000   9.793825377951421   0.000203000000000
   0.009600000000000   0.205000000000000   0.002000000000000   9.793825377951421   0.000203000000000
   0.009600000000000   0.205000000000000   0.002000000000000   9.793825377951421   0.000203000000000
   0.009600000000000   0.205000000000000   0.002000000000000   9.793825377951421   0.000203000000000
   0.009600000000000   0.205000000000000   0.002000000000000   9.793825377951421   0.000203000000000
   0.009600000000000   0.205000000000000   0.002000000000000   9.793825377951421   0.000203000000000
   0.009600000000000   0.205000000000000   0.002000000000000   9.793825377951421   0.000203000000000
   0.009600000000000   0.205000000000000   0.002000000000000   9.793825377951421   0.000203000000000
   0.009600000000000   0.205000000000000   0.002000000000000   9.793825377951421   0.000203000000000
   0.009600000000000   0.205000000000000   0.002000000000000   9.793825377951421   0.000203000000000
   0.009600000000000   0.205000000000000   0.002000000000000   9.793825377951421   0.000203000000000
   0.009600000000000   0.205000000000000   0.002000000000000   9.793825377951421   0.000203000000000
   0.009600000000000   0.205000000000000   0.002000000000000   9.793825377951421   0.000203000000000
   0.009600000000000   0.205000000000000   0.002000000000000   9.793825377951421   0.000203000000000
   0.009600000000000   0.205000000000000   0.002000000000000   9.793825377951421   0.000203000000000
   0.009600000000000   0.205000000000000   0.002000000000000   9.793825377951421   0.000203000000000
   0.009600000000000   0.205000000000000   0.002000000000000   9.793825377951421   0.000203000000000
   0.009600000000000   0.205000000000000   0.002000000000000   9.793825377951421   0.000203000000000
   0.009600000000000   0.205000000000000   0.002000000000000   9.793825377951421   0.000203000000000
   0.009600000000000   0.205000000000000   0.002000000000000   9.793825377951421   0.000203000000000
   0.009600000000000   0.205000000000000   0.002000000000000   9.793825377951421   0.000203000000000
   0.009600000000000   0.205000000000000   0.002000000000000   9.793825377951421   0.000203000000000
   0.009600000000000   0.205000000000000   0.002000000000000   9.793825377951421   0.000203000000000
   0.009600000000000   0.205000000000000   0.002000000000000   9.793825377951421   0.000203000000000
   0.009600000000000   0.205000000000000   0.002000000000000   9.793825377951421   0.000203000000000
   0.009600000000000   0.205000000000000   0.002000000000000   9.793825377951421   0.000203000000000

  Columns 6 through 8

  -0.009489212611878   0.900000000000000   0.030000000000000
  -0.009522863127607   0.900000000000000   0.030000000000000
  -0.009522863127607   0.900000000000000   0.030000000000000
  -0.009489212611878   0.900000000000000   0.030000000000000
  -0.009983228971099   0.900000000000000   0.030000000000000
  -0.010764346298840   0.900000000000000   0.030000000000000
  -0.009721982098853   0.900000000000000   0.030000000000000
  -0.010323787065552   0.900000000000000   0.030000000000000
  -0.009983228971099   0.900000000000000   0.030000000000000
  -0.010764346298840   0.900000000000000   0.030000000000000
  -0.009721982098853   0.900000000000000   0.030000000000000
  -0.010323787065552   0.900000000000000   0.030000000000000
  -0.009925233538114   0.900000000000000   0.030000000000000
  -0.009677679190101   0.900000000000000   0.030000000000000
  -0.010667118620504   0.900000000000000   0.030000000000000
  -0.010248389660593   0.900000000000000   0.030000000000000
  -0.009925233538114   0.900000000000000   0.030000000000000
  -0.009677679190101   0.900000000000000   0.030000000000000
  -0.010667118620504   0.900000000000000   0.030000000000000
  -0.010248389660593   0.900000000000000   0.030000000000000
  -0.009870251054507   0.900000000000000   0.030000000000000
  -0.009635729725028   0.900000000000000   0.030000000000000
  -0.010574646643596   0.900000000000000   0.030000000000000
  -0.010176803437698   0.900000000000000   0.030000000000000
  -0.009870251054507   0.900000000000000   0.030000000000000
  -0.009635729725028   0.900000000000000   0.030000000000000
  -0.010574646643596   0.900000000000000   0.030000000000000
  -0.010176803437698   0.900000000000000   0.030000000000000
  -0.009818138871836   0.900000000000000   0.030000000000000
  -0.009596017374063   0.900000000000000   0.030000000000000
  -0.010486729620358   0.900000000000000   0.030000000000000
  -0.010108857196265   0.900000000000000   0.030000000000000
  -0.009818138871836   0.900000000000000   0.030000000000000
  -0.009596017374063   0.900000000000000   0.030000000000000
  -0.010486729620358   0.900000000000000   0.030000000000000
  -0.010108857196265   0.900000000000000   0.030000000000000
  -0.009768759818137   0.900000000000000   0.030000000000000
  -0.009558430719841   0.900000000000000   0.030000000000000
  -0.010403172726633   0.900000000000000   0.030000000000000
  -0.010044385569045   0.900000000000000   0.030000000000000
  -0.009768759818137   0.900000000000000   0.030000000000000
  -0.009558430719841   0.900000000000000   0.030000000000000
  -0.010403172726633   0.900000000000000   0.030000000000000
  -0.010044385569045   0.900000000000000   0.030000000000000
  -0.011086659520311   0.900000000000000   0.030000000000000
  -0.011739398773437   0.900000000000000   0.030000000000000
  -0.011329258549714   0.900000000000000   0.030000000000000
  -0.012046534628680   0.900000000000000   0.030000000000000
  -0.010973901276873   0.900000000000000   0.030000000000000
  -0.011596196107952   0.900000000000000   0.030000000000000
  -0.011329258549714   0.900000000000000   0.030000000000000
  -0.012046534628680   0.900000000000000   0.030000000000000
  -0.010973901276873   0.900000000000000   0.030000000000000
  -0.011596196107952   0.900000000000000   0.030000000000000
  -0.011205035282221   0.900000000000000   0.030000000000000
  -0.011889425588562   0.900000000000000   0.030000000000000
  -0.010866536336197   0.900000000000000   0.030000000000000
  -0.011459565031949   0.900000000000000   0.030000000000000
  -0.011205035282221   0.900000000000000   0.030000000000000
  -0.011889425588562   0.900000000000000   0.030000000000000
  -0.010866536336197   0.900000000000000   0.030000000000000
  -0.011459565031949   0.900000000000000   0.030000000000000
  -0.011086659520311   0.900000000000000   0.030000000000000
  -0.011739398773437   0.900000000000000   0.030000000000000
  -0.012210989440180   0.900000000000000   0.030000000000000
  -0.012383059003576   0.900000000000000   0.030000000000000
  -0.012563017705997   0.900000000000000   0.030000000000000
  -0.012751145325185   0.900000000000000   0.030000000000000
  -0.012210989440180   0.900000000000000   0.030000000000000
  -0.012383059003576   0.900000000000000   0.030000000000000
  -0.012563017705997   0.900000000000000   0.030000000000000
  -0.012751145325185   0.900000000000000   0.030000000000000
  -0.012947727027061   0.900000000000000   0.030000000000000
  -0.012947727027061   0.900000000000000   0.030000000000000
  -0.013153053378804   0.900000000000000   0.030000000000000
  -0.013153053378804   0.900000000000000   0.030000000000000
  -0.013367420379267   0.900000000000000   0.030000000000000
  -0.013367420379267   0.900000000000000   0.030000000000000
  -0.013591129508383   0.900000000000000   0.030000000000000
  -0.013591129508383   0.900000000000000   0.030000000000000
  -0.011494447863699   0.900000000000000   0.030000000000000
  -0.011518505924813   0.900000000000000   0.030000000000000
  -0.011542513841820   0.900000000000000   0.030000000000000
  -0.011566471926965   0.900000000000000   0.030000000000000
  -0.011756379086543   0.900000000000000   0.030000000000000
  -0.011661812081829   0.900000000000000   0.030000000000000
  -0.011709191053578   0.900000000000000   0.030000000000000
  -0.011614239834556   0.900000000000000   0.030000000000000
  -0.011732808793203   0.900000000000000   0.030000000000000
  -0.011638050265540   0.900000000000000   0.030000000000000
  -0.011590380489264   0.900000000000000   0.030000000000000
  -0.011685525579988   0.900000000000000   0.030000000000000
  -0.011803378470753   0.900000000000000   0.030000000000000
  -0.011779902218404   0.900000000000000   0.030000000000000
  -0.011826808122756   0.900000000000000   0.030000000000000
  -0.011850191450822   0.900000000000000   0.030000000000000
  -0.011873528728638   0.900000000000000   0.030000000000000
  -0.011896820227206   0.900000000000000   0.030000000000000
  -0.011943266957402   0.900000000000000   0.030000000000000
  -0.011920066214879   0.900000000000000   0.030000000000000
  -0.009847118568476   0.900000000000000   0.030000000000000
  -0.009790732863495   0.900000000000000   0.030000000000000
  -0.009818966190642   0.900000000000000   0.030000000000000
  -0.009762417884708   0.900000000000000   0.030000000000000
  -0.009903183235654   0.900000000000000   0.030000000000000
  -0.009958932286960   0.900000000000000   0.030000000000000
  -0.010069504480901   0.900000000000000   0.030000000000000
  -0.010014370993406   0.900000000000000   0.030000000000000
  -0.009875190689313   0.900000000000000   0.030000000000000
  -0.010041975574668   0.900000000000000   0.030000000000000
  -0.009931096880385   0.900000000000000   0.030000000000000
  -0.009986690109587   0.900000000000000   0.030000000000000
  -0.010096958331079   0.900000000000000   0.030000000000000
  -0.010124337735783   0.900000000000000   0.030000000000000
  -0.010151643297361   0.900000000000000   0.030000000000000
  -0.010178875610081   0.900000000000000   0.030000000000000
  -0.010206035260284   0.900000000000000   0.030000000000000
  -0.010233122826529   0.900000000000000   0.030000000000000
  -0.010260138879736   0.900000000000000   0.030000000000000
  -0.010287083983332   0.900000000000000   0.030000000000000
  -0.021254341478953   0.900000000000000   0.030000000000000
  -0.013591129508383   0.900000000000000   0.030000000000000
  -0.021254341478953   0.900000000000000   0.030000000000000
  -0.013591129508383   0.900000000000000   0.030000000000000
  -0.042271600202209   0.900000000000000   0.030000000000000
  -0.066762043764091   0.900000000000000   0.030000000000000
  -0.042271600202209   0.900000000000000   0.030000000000000
  -0.066762043764091   0.900000000000000   0.030000000000000
  -0.038985381276385   0.900000000000000   0.030000000000000
  -0.064731308168213   0.900000000000000   0.030000000000000
  -0.038985381276385   0.900000000000000   0.030000000000000
  -0.064731308168213   0.900000000000000   0.030000000000000
  -0.076107237760347   0.900000000000000   0.030000000000000
  -0.055875122689860   0.900000000000000   0.030000000000000
  -0.062634766917247   0.900000000000000   0.030000000000000
  -0.035395363013746   0.900000000000000   0.030000000000000
  -0.055875122689860   0.900000000000000   0.030000000000000
  -0.076107237760347   0.900000000000000   0.030000000000000
  -0.035395363013746   0.900000000000000   0.030000000000000
  -0.062634766917247   0.900000000000000   0.030000000000000
  -0.053432210371803   0.900000000000000   0.030000000000000
  -0.074332250128189   0.900000000000000   0.030000000000000
  -0.060465575300228   0.900000000000000   0.030000000000000
  -0.031397507743204   0.900000000000000   0.030000000000000
  -0.053432210371803   0.900000000000000   0.030000000000000
  -0.074332250128189   0.900000000000000   0.030000000000000
  -0.060465575300228   0.900000000000000   0.030000000000000
  -0.050872122767055   0.900000000000000   0.030000000000000
  -0.072513827500204   0.900000000000000   0.030000000000000
  -0.058215612734019   0.900000000000000   0.030000000000000
  -0.050872122767055   0.900000000000000   0.030000000000000
  -0.072513827500204   0.900000000000000   0.030000000000000
  -0.058215612734019   0.900000000000000   0.030000000000000
  -0.048176183373489   0.900000000000000   0.030000000000000
  -0.070648616039800   0.900000000000000   0.030000000000000
  -0.084424242913167   0.900000000000000   0.030000000000000
  -0.048176183373489   0.900000000000000   0.030000000000000
  -0.031397507743204   0.900000000000000   0.030000000000000
  -0.070648616039800   0.900000000000000   0.030000000000000
  -0.084424242913167   0.900000000000000   0.030000000000000
  -0.045320154611891   0.900000000000000   0.030000000000000
  -0.068732806707923   0.900000000000000   0.030000000000000
  -0.082827679920852   0.900000000000000   0.030000000000000
  -0.026809984373256   0.900000000000000   0.030000000000000
  -0.045320154611891   0.900000000000000   0.030000000000000
  -0.068732806707923   0.900000000000000   0.030000000000000
  -0.082827679920852   0.900000000000000   0.030000000000000
  -0.091992358070727   0.900000000000000   0.030000000000000
  -0.089042335339053   0.900000000000000   0.030000000000000
  -0.081199731099806   0.900000000000000   0.030000000000000
  -0.087530047710726   0.900000000000000   0.030000000000000
  -0.091992358070727   0.900000000000000   0.030000000000000
  -0.093432447114497   0.900000000000000   0.030000000000000
  -0.090529363816513   0.900000000000000   0.030000000000000
  -0.087530047710726   0.900000000000000   0.030000000000000
  -0.093432447114497   0.900000000000000   0.030000000000000
  -0.085991168278212   0.900000000000000   0.030000000000000
  -0.090529363816513   0.900000000000000   0.030000000000000
  -0.026809984373256   0.900000000000000   0.030000000000000
  -0.097625339256640   0.900000000000000   0.030000000000000
  -0.089042335339053   0.900000000000000   0.030000000000000
  -0.085991168278212   0.900000000000000   0.030000000000000
  -0.081199731099806   0.900000000000000   0.030000000000000
  -0.097625339256640   0.900000000000000   0.030000000000000
  -0.094850674242166   0.900000000000000   0.030000000000000
  -0.096248005873284   0.900000000000000   0.030000000000000
  -0.079538469310708   0.900000000000000   0.030000000000000
  -0.098983509209183   0.900000000000000   0.030000000000000
  -0.101645420733769   0.900000000000000   0.030000000000000
  -0.094850674242166   0.900000000000000   0.030000000000000
  -0.096248005873284   0.900000000000000   0.030000000000000
  -0.079538469310708   0.900000000000000   0.030000000000000
  -0.101645420733769   0.900000000000000   0.030000000000000
  -0.100323294033613   0.900000000000000   0.030000000000000
  -0.100323294033613   0.900000000000000   0.030000000000000
  -0.077841761734304   0.900000000000000   0.030000000000000
  -0.102950569627056   0.900000000000000   0.030000000000000
  -0.102950569627056   0.900000000000000   0.030000000000000
  -0.077841761734304   0.900000000000000   0.030000000000000
  -0.098983509209183   0.900000000000000   0.030000000000000
  -0.325578911674458   0.900000000000000   0.030000000000000
  -0.325927822734486   0.900000000000000   0.030000000000000
  -0.325927822734486   0.900000000000000   0.030000000000000
  -0.325578911674458   0.900000000000000   0.030000000000000
  -0.327327215751298   0.900000000000000   0.030000000000000
  -0.329790648322721   0.900000000000000   0.030000000000000
  -0.328380707990378   0.900000000000000   0.030000000000000
  -0.330852080756819   0.900000000000000   0.030000000000000
  -0.329437595881657   0.900000000000000   0.030000000000000
  -0.326976804377100   0.900000000000000   0.030000000000000
  -0.328380707990378   0.900000000000000   0.030000000000000
  -0.330852080756819   0.900000000000000   0.030000000000000
  -0.326976804377100   0.900000000000000   0.030000000000000
  -0.329437595881657   0.900000000000000   0.030000000000000
  -0.328029167154681   0.900000000000000   0.030000000000000
  -0.330497890354007   0.900000000000000   0.030000000000000
  -0.326626768684278   0.900000000000000   0.030000000000000
  -0.329084921949310   0.900000000000000   0.030000000000000
  -0.328029167154681   0.900000000000000   0.030000000000000
  -0.330497890354007   0.900000000000000   0.030000000000000
  -0.329084921949310   0.900000000000000   0.030000000000000
  -0.326626768684278   0.900000000000000   0.030000000000000
  -0.327678003209479   0.900000000000000   0.030000000000000
  -0.330144079678145   0.900000000000000   0.030000000000000
  -0.328732626120475   0.900000000000000   0.030000000000000
  -0.326277108270655   0.900000000000000   0.030000000000000
  -0.327678003209479   0.900000000000000   0.030000000000000
  -0.330144079678145   0.900000000000000   0.030000000000000
  -0.328732626120475   0.900000000000000   0.030000000000000
  -0.326277108270655   0.900000000000000   0.030000000000000
  -0.327327215751298   0.900000000000000   0.030000000000000
  -0.329790648322721   0.900000000000000   0.030000000000000
  -0.331561602371530   0.900000000000000   0.030000000000000
  -0.332272647783116   0.900000000000000   0.030000000000000
  -0.332985220259420   0.900000000000000   0.030000000000000
  -0.333699323075303   0.900000000000000   0.030000000000000
  -0.019877240246145   0.900000000000000   0.030000000000000
  -0.020522745493241   0.900000000000000   0.030000000000000
  -0.020522745493241   0.900000000000000   0.030000000000000
  -0.019877240246145   0.900000000000000   0.030000000000000
  -0.033434845729883   0.900000000000000   0.030000000000000
  -0.025983586009232   0.900000000000000   0.030000000000000
  -0.023428672212544   0.900000000000000   0.030000000000000
  -0.029963377648466   0.900000000000000   0.030000000000000
  -0.025983586009232   0.900000000000000   0.030000000000000
  -0.033434845729883   0.900000000000000   0.030000000000000
  -0.022651171081174   0.900000000000000   0.030000000000000
  -0.028902344736129   0.900000000000000   0.030000000000000
  -0.025093495386263   0.900000000000000   0.030000000000000
  -0.032227807056670   0.900000000000000   0.030000000000000
  -0.022651171081174   0.900000000000000   0.030000000000000
  -0.028902344736129   0.900000000000000   0.030000000000000
  -0.025093495386263   0.900000000000000   0.030000000000000
  -0.032227807056670   0.900000000000000   0.030000000000000
  -0.021908516042837   0.900000000000000   0.030000000000000
  -0.027886456637172   0.900000000000000   0.030000000000000
  -0.024242327630997   0.900000000000000   0.030000000000000
  -0.021908516042837   0.900000000000000   0.030000000000000
  -0.031071270215947   0.900000000000000   0.030000000000000
  -0.027886456637172   0.900000000000000   0.030000000000000
  -0.024242327630997   0.900000000000000   0.030000000000000
  -0.031071270215947   0.900000000000000   0.030000000000000
  -0.021199446204745   0.900000000000000   0.030000000000000
  -0.026914065208279   0.900000000000000   0.030000000000000
  -0.023428672212544   0.900000000000000   0.030000000000000
  -0.021199446204745   0.900000000000000   0.030000000000000
  -0.026914065208279   0.900000000000000   0.030000000000000
  -0.029963377648466   0.900000000000000   0.030000000000000
  -0.038807908017344   0.900000000000000   0.030000000000000
  -0.036008243153874   0.900000000000000   0.030000000000000
  -0.041851671977760   0.900000000000000   0.030000000000000
  -0.045158872718638   0.900000000000000   0.030000000000000
  -0.038807908017344   0.900000000000000   0.030000000000000
  -0.036008243153874   0.900000000000000   0.030000000000000
  -0.041851671977760   0.900000000000000   0.030000000000000
  -0.045158872718638   0.900000000000000   0.030000000000000
  -0.037378711531178   0.900000000000000   0.030000000000000
  -0.040298105762298   0.900000000000000   0.030000000000000
  -0.043471071871513   0.900000000000000   0.030000000000000
  -0.034694319992664   0.900000000000000   0.030000000000000
  -0.037378711531178   0.900000000000000   0.030000000000000
  -0.040298105762298   0.900000000000000   0.030000000000000
  -0.034694319992664   0.900000000000000   0.030000000000000
  -0.043471071871513   0.900000000000000   0.030000000000000
  -0.050659974344987   0.900000000000000   0.030000000000000
  -0.046917748077250   0.900000000000000   0.030000000000000
  -0.052649243907334   0.900000000000000   0.030000000000000
  -0.048750482156523   0.900000000000000   0.030000000000000
  -0.050659974344987   0.900000000000000   0.030000000000000
  -0.046917748077250   0.900000000000000   0.030000000000000
  -0.052649243907334   0.900000000000000   0.030000000000000
  -0.048750482156523   0.900000000000000   0.030000000000000
  -0.054721434858146   0.900000000000000   0.030000000000000
  -0.054721434858146   0.900000000000000   0.030000000000000
  -0.056879821021245   0.900000000000000   0.030000000000000
  -0.056879821021245   0.900000000000000   0.030000000000000
  -0.020358249472041   0.900000000000000   0.030000000000000
  -0.020115603873086   0.900000000000000   0.030000000000000
  -0.020035676487346   0.900000000000000   0.030000000000000
  -0.019956222673935   0.900000000000000   0.030000000000000
  -0.020856626589142   0.900000000000000   0.030000000000000
  -0.020605236848903   0.900000000000000   0.030000000000000
  -0.020276888155212   0.900000000000000   0.030000000000000
  -0.021112480074711   0.900000000000000   0.030000000000000
  -0.020196007027215   0.900000000000000   0.030000000000000
  -0.020522421579896   0.900000000000000   0.030000000000000
  -0.020772337085142   0.900000000000000   0.030000000000000
  -0.021026695785516   0.900000000000000   0.030000000000000
  -0.020440093202221   0.900000000000000   0.030000000000000
  -0.021285559603462   0.900000000000000   0.030000000000000
  -0.020688541262841   0.900000000000000   0.030000000000000
  -0.020941412058149   0.900000000000000   0.030000000000000
  -0.021460669277173   0.900000000000000   0.030000000000000
  -0.021637827895062   0.900000000000000   0.030000000000000
  -0.021198767239389   0.900000000000000   0.030000000000000
  -0.021817054425119   0.900000000000000   0.030000000000000
  -0.021372859501175   0.900000000000000   0.030000000000000
  -0.021907449131433   0.900000000000000   0.030000000000000
  -0.021548991286579   0.900000000000000   0.030000000000000
  -0.021727181478914   0.900000000000000   0.030000000000000
  -0.021998368006453   0.900000000000000   0.030000000000000
  -0.022181787951657   0.900000000000000   0.030000000000000
  -0.022367333749189   0.900000000000000   0.030000000000000
  -0.022089813469692   0.900000000000000   0.030000000000000
  -0.022274293893918   0.900000000000000   0.030000000000000

clc
size(simulations_cgs)

ans =

     0     8

size(new_simuls)

ans =

   325     8

if system_dependent('IsDebugMode')==1, dbquit; end
sweeoer_experiments_oil
