------------
22-Jun-2024 13:38:10 
 /Users/harrislab/Documents/impact/elvis/km-dropplet-solidsubstrate-v3/matlab/1_code/sweeper_experiments
simulations_cgs

simulations_cgs =

  45×7 <a href="matlab:helpPopup table" style="font-weight:bold">table</a>

            <strong>RhoS</strong>                   <strong>SigmaS</strong>                    <strong>R</strong>                        <strong>U</strong>                     <strong>modes</strong>                  <strong>version</strong>               <strong>folder</strong>    
    <strong>____________________</strong>    <strong>____________________</strong>    <strong>____________________</strong>    <strong>_____________________</strong>    <strong>____________________</strong>    <strong>____________________</strong>    <strong>______________</strong>

    1.00000000000000e+00    7.22000000000000e+01    3.50000000000000e-02    -1.00000000000000e+01    1.00000000000000e+01    1.00000000000000e+00    "../2_output/"
    1.00000000000000e+00    7.22000000000000e+01    3.50000000000000e-02    -2.00000000000000e+01    1.00000000000000e+01    1.00000000000000e+00    "../2_output/"
    1.00000000000000e+00    7.22000000000000e+01    3.50000000000000e-02    -3.00000000000000e+01    1.00000000000000e+01    1.00000000000000e+00    "../2_output/"
    1.00000000000000e+00    7.22000000000000e+01    3.50000000000000e-02    -4.00000000000000e+01    1.00000000000000e+01    1.00000000000000e+00    "../2_output/"
    1.00000000000000e+00    7.22000000000000e+01    3.50000000000000e-02    -5.00000000000000e+01    1.00000000000000e+01    1.00000000000000e+00    "../2_output/"
    1.00000000000000e+00    7.22000000000000e+01    3.50000000000000e-02    -1.00000000000000e+01    2.00000000000000e+01    1.00000000000000e+00    "../2_output/"
    1.00000000000000e+00    7.22000000000000e+01    3.50000000000000e-02    -2.00000000000000e+01    2.00000000000000e+01    1.00000000000000e+00    "../2_output/"
    1.00000000000000e+00    7.22000000000000e+01    3.50000000000000e-02    -3.00000000000000e+01    2.00000000000000e+01    1.00000000000000e+00    "../2_output/"
    1.00000000000000e+00    7.22000000000000e+01    3.50000000000000e-02    -4.00000000000000e+01    2.00000000000000e+01    1.00000000000000e+00    "../2_output/"
    1.00000000000000e+00    7.22000000000000e+01    3.50000000000000e-02    -5.00000000000000e+01    2.00000000000000e+01    1.00000000000000e+00    "../2_output/"
    1.00000000000000e+00    7.22000000000000e+01    3.50000000000000e-02    -1.00000000000000e+01    4.00000000000000e+01    1.00000000000000e+00    "../2_output/"
    1.00000000000000e+00    7.22000000000000e+01    3.50000000000000e-02    -2.00000000000000e+01    4.00000000000000e+01    1.00000000000000e+00    "../2_output/"
    1.00000000000000e+00    7.22000000000000e+01    3.50000000000000e-02    -3.00000000000000e+01    4.00000000000000e+01    1.00000000000000e+00    "../2_output/"
    1.00000000000000e+00    7.22000000000000e+01    3.50000000000000e-02    -4.00000000000000e+01    4.00000000000000e+01    1.00000000000000e+00    "../2_output/"
    1.00000000000000e+00    7.22000000000000e+01    3.50000000000000e-02    -5.00000000000000e+01    4.00000000000000e+01    1.00000000000000e+00    "../2_output/"
    1.00000000000000e+00    7.22000000000000e+01    3.50000000000000e-02    -1.00000000000000e+01    1.00000000000000e+01    2.00000000000000e+00    "../2_output/"
    1.00000000000000e+00    7.22000000000000e+01    3.50000000000000e-02    -2.00000000000000e+01    1.00000000000000e+01    2.00000000000000e+00    "../2_output/"
    1.00000000000000e+00    7.22000000000000e+01    3.50000000000000e-02    -3.00000000000000e+01    1.00000000000000e+01    2.00000000000000e+00    "../2_output/"
    1.00000000000000e+00    7.22000000000000e+01    3.50000000000000e-02    -4.00000000000000e+01    1.00000000000000e+01    2.00000000000000e+00    "../2_output/"
    1.00000000000000e+00    7.22000000000000e+01    3.50000000000000e-02    -5.00000000000000e+01    1.00000000000000e+01    2.00000000000000e+00    "../2_output/"
    1.00000000000000e+00    7.22000000000000e+01    3.50000000000000e-02    -1.00000000000000e+01    2.00000000000000e+01    2.00000000000000e+00    "../2_output/"
    1.00000000000000e+00    7.22000000000000e+01    3.50000000000000e-02    -2.00000000000000e+01    2.00000000000000e+01    2.00000000000000e+00    "../2_output/"
    1.00000000000000e+00    7.22000000000000e+01    3.50000000000000e-02    -3.00000000000000e+01    2.00000000000000e+01    2.00000000000000e+00    "../2_output/"
    1.00000000000000e+00    7.22000000000000e+01    3.50000000000000e-02    -4.00000000000000e+01    2.00000000000000e+01    2.00000000000000e+00    "../2_output/"
    1.00000000000000e+00    7.22000000000000e+01    3.50000000000000e-02    -5.00000000000000e+01    2.00000000000000e+01    2.00000000000000e+00    "../2_output/"
    1.00000000000000e+00    7.22000000000000e+01    3.50000000000000e-02    -1.00000000000000e+01    4.00000000000000e+01    2.00000000000000e+00    "../2_output/"
    1.00000000000000e+00    7.22000000000000e+01    3.50000000000000e-02    -2.00000000000000e+01    4.00000000000000e+01    2.00000000000000e+00    "../2_output/"
    1.00000000000000e+00    7.22000000000000e+01    3.50000000000000e-02    -3.00000000000000e+01    4.00000000000000e+01    2.00000000000000e+00    "../2_output/"
    1.00000000000000e+00    7.22000000000000e+01    3.50000000000000e-02    -4.00000000000000e+01    4.00000000000000e+01    2.00000000000000e+00    "../2_output/"
    1.00000000000000e+00    7.22000000000000e+01    3.50000000000000e-02    -5.00000000000000e+01    4.00000000000000e+01    2.00000000000000e+00    "../2_output/"
    1.00000000000000e+00    7.22000000000000e+01    3.50000000000000e-02    -1.00000000000000e+01    1.00000000000000e+01    3.00000000000000e+00    "../2_output/"
    1.00000000000000e+00    7.22000000000000e+01    3.50000000000000e-02    -2.00000000000000e+01    1.00000000000000e+01    3.00000000000000e+00    "../2_output/"
    1.00000000000000e+00    7.22000000000000e+01    3.50000000000000e-02    -3.00000000000000e+01    1.00000000000000e+01    3.00000000000000e+00    "../2_output/"
    1.00000000000000e+00    7.22000000000000e+01    3.50000000000000e-02    -4.00000000000000e+01    1.00000000000000e+01    3.00000000000000e+00    "../2_output/"
    1.00000000000000e+00    7.22000000000000e+01    3.50000000000000e-02    -5.00000000000000e+01    1.00000000000000e+01    3.00000000000000e+00    "../2_output/"
    1.00000000000000e+00    7.22000000000000e+01    3.50000000000000e-02    -1.00000000000000e+01    2.00000000000000e+01    3.00000000000000e+00    "../2_output/"
    1.00000000000000e+00    7.22000000000000e+01    3.50000000000000e-02    -2.00000000000000e+01    2.00000000000000e+01    3.00000000000000e+00    "../2_output/"
    1.00000000000000e+00    7.22000000000000e+01    3.50000000000000e-02    -3.00000000000000e+01    2.00000000000000e+01    3.00000000000000e+00    "../2_output/"
    1.00000000000000e+00    7.22000000000000e+01    3.50000000000000e-02    -4.00000000000000e+01    2.00000000000000e+01    3.00000000000000e+00    "../2_output/"
    1.00000000000000e+00    7.22000000000000e+01    3.50000000000000e-02    -5.00000000000000e+01    2.00000000000000e+01    3.00000000000000e+00    "../2_output/"
    1.00000000000000e+00    7.22000000000000e+01    3.50000000000000e-02    -1.00000000000000e+01    4.00000000000000e+01    3.00000000000000e+00    "../2_output/"
    1.00000000000000e+00    7.22000000000000e+01    3.50000000000000e-02    -2.00000000000000e+01    4.00000000000000e+01    3.00000000000000e+00    "../2_output/"
    1.00000000000000e+00    7.22000000000000e+01    3.50000000000000e-02    -3.00000000000000e+01    4.00000000000000e+01    3.00000000000000e+00    "../2_output/"
    1.00000000000000e+00    7.22000000000000e+01    3.50000000000000e-02    -4.00000000000000e+01    4.00000000000000e+01    3.00000000000000e+00    "../2_output/"
    1.00000000000000e+00    7.22000000000000e+01    3.50000000000000e-02    -5.00000000000000e+01    4.00000000000000e+01    3.00000000000000e+00    "../2_output/"

format shortg
simulations_cgs

simulations_cgs =

  45×7 <a href="matlab:helpPopup table" style="font-weight:bold">table</a>

    <strong>RhoS</strong>    <strong>SigmaS</strong>      <strong>R</strong>       <strong>U</strong>     <strong>modes</strong>    <strong>version</strong>        <strong>folder</strong>    
    <strong>____</strong>    <strong>______</strong>    <strong>_____</strong>    <strong>___</strong>    <strong>_____</strong>    <strong>_______</strong>    <strong>______________</strong>

     1       72.2     0.035    -10     10         1       "../2_output/"
     1       72.2     0.035    -20     10         1       "../2_output/"
     1       72.2     0.035    -30     10         1       "../2_output/"
     1       72.2     0.035    -40     10         1       "../2_output/"
     1       72.2     0.035    -50     10         1       "../2_output/"
     1       72.2     0.035    -10     20         1       "../2_output/"
     1       72.2     0.035    -20     20         1       "../2_output/"
     1       72.2     0.035    -30     20         1       "../2_output/"
     1       72.2     0.035    -40     20         1       "../2_output/"
     1       72.2     0.035    -50     20         1       "../2_output/"
     1       72.2     0.035    -10     40         1       "../2_output/"
     1       72.2     0.035    -20     40         1       "../2_output/"
     1       72.2     0.035    -30     40         1       "../2_output/"
     1       72.2     0.035    -40     40         1       "../2_output/"
     1       72.2     0.035    -50     40         1       "../2_output/"
     1       72.2     0.035    -10     10         2       "../2_output/"
     1       72.2     0.035    -20     10         2       "../2_output/"
     1       72.2     0.035    -30     10         2       "../2_output/"
     1       72.2     0.035    -40     10         2       "../2_output/"
     1       72.2     0.035    -50     10         2       "../2_output/"
     1       72.2     0.035    -10     20         2       "../2_output/"
     1       72.2     0.035    -20     20         2       "../2_output/"
     1       72.2     0.035    -30     20         2       "../2_output/"
     1       72.2     0.035    -40     20         2       "../2_output/"
     1       72.2     0.035    -50     20         2       "../2_output/"
     1       72.2     0.035    -10     40         2       "../2_output/"
     1       72.2     0.035    -20     40         2       "../2_output/"
     1       72.2     0.035    -30     40         2       "../2_output/"
     1       72.2     0.035    -40     40         2       "../2_output/"
     1       72.2     0.035    -50     40         2       "../2_output/"
     1       72.2     0.035    -10     10         3       "../2_output/"
     1       72.2     0.035    -20     10         3       "../2_output/"
     1       72.2     0.035    -30     10         3       "../2_output/"
     1       72.2     0.035    -40     10         3       "../2_output/"
     1       72.2     0.035    -50     10         3       "../2_output/"
     1       72.2     0.035    -10     20         3       "../2_output/"
     1       72.2     0.035    -20     20         3       "../2_output/"
     1       72.2     0.035    -30     20         3       "../2_output/"
     1       72.2     0.035    -40     20         3       "../2_output/"
     1       72.2     0.035    -50     20         3       "../2_output/"
     1       72.2     0.035    -10     40         3       "../2_output/"
     1       72.2     0.035    -20     40         3       "../2_output/"
     1       72.2     0.035    -30     40         3       "../2_output/"
     1       72.2     0.035    -40     40         3       "../2_output/"
     1       72.2     0.035    -50     40         3       "../2_output/"

if system_dependent('IsDebugMode')==1, dbcont; end
Starting parallel pool (parpool) using the 'local' profile ...
Connected to the parallel pool (number of workers: 4).
{Error using <a href="matlab:matlab.internal.language.introspective.errorDocCallback('sweeper_experiments', '/Users/harrislab/Documents/impact/elvis/km-dropplet-solidsubstrate-v3/matlab/1_code/sweeper_experiments.m', 73)" style="font-weight:bold">sweeper_experiments</a> (<a href="matlab: opentoline('/Users/harrislab/Documents/impact/elvis/km-dropplet-solidsubstrate-v3/matlab/1_code/sweeper_experiments.m',73,0)">line 73</a>)
Unable to resolve the name simulation_cgs.version.
} 
IdleTimeout has been reached.
Parallel pool using the 'local' profile is shutting down.
if system_dependent('IsDebugMode')==1, dbquit; end
sweeper_experiments
